7 
1 0 50
6 150 15
0 10 20 
4 20 25 
3 35 5 
2 110 10 
5 111 20 


------------

18 
0 4 5 
1 20 15 
2 70 17 
3 20 10 
4 170 10 
5 0 13 
6 167 5 
7 161 4 
8 25 5 
9 77 15 
10 169 22 
11 77 6 
12 70 5 
13 66 22 
14 66 24 
15 10 10 
16 160 18 
17 161 21 


---------------

29 
1 0 13 
17 33 33 
18 33 10 
19 140 9 
2 10 10 
16 161 4 
14 170 10 
13 160 18 
21 140 10 
22 155 10 
15 167 5 
20 140 9 
12 169 22 
23 155 10 
9 66 22 
3 25 5 
7 77 6 
26 111 20 
0 4 5 
27 111 30 
25 111 31 
8 70 5 
6 70 17 
11 77 15 
10 66 24 
4 20 10 
5 20 15 
24 155 15 
28 134 24 

------
9
8
8
